[  846.59849177,   144.20807164,  1146.82718837, -1099.30644031,
        1283.65532698,  -110.96330034, -1171.17323028, -1120.94910382,
        -114.34750376,   -42.9485318 ,    -2.71845922,    86.61039436])

2.639876855501646

========================================================================

 success: True
      fun: -2.6001372352899335
     njev: 96
        x: array([ 46062.39017279,  -3357.00092287,  64478.06524057, -18988.73484919,
        -1197.64480314,  -2838.13245572,  13109.81558303, -16337.41913078,
         2049.44819161,  -1796.13999644,  -7963.50118994,   -834.97559199])

=============================================================================
a0 = [1,-2,3,-4,5,-6, ....]
 x: array([ -68.10983666,    1.79602723,  117.50046364,   66.64878082,
        116.89628852,   -1.59469973, -116.83854757, -112.75071979,
         -5.12491025,   -0.62930349,    2.28357394,    2.8923232 ])
     njev: 616
  success: True
      fun: -2.662055449793562
      
==========================================
 x: array([ -573.07367821,   -57.28733054,  1389.21669851,   967.95444608,
        -191.01163743,   -19.4200118 ,   190.55654005,   101.89769541,
        -217.69656296,    39.30077631,   194.3012575 ,    37.95235561])
     njev: 554
      fun: -2.12237439738263
   status: 2
   
 x: array([ 274.89016838,  -19.72704002,  327.04342946,  -30.65958561,
        -34.26848454,  -16.28773908,   36.16916076,  -53.13610016,
        -46.77606544,   25.7612114 ,   30.08810829,  -29.25110669])
	
	-2.10424795525

